N ,FRDM,relativistic continuum Hartree-Bogoliubov theory ,exp_energy,calculated_enery,P_e,R_n,R_p,S_n1,S_n2155,1916.58,None,None,1925.767348,-260.939817,6.206504,6.156925,8.236448999999993,16.60370899999998
156,1926.23,None,None,1933.878206,-260.677806,6.214333,6.160115,8.110858000000007,16.347307
157,1934.24,1919.91,None,1941.860606,-259.872191,6.222684,6.164109,7.9823999999998705,16.093257999999878
158,1943.67,1929.57,None,1949.717137,-259.181932,6.230786,6.167832,7.856531000000132,15.838931000000002
159,1951.52,1937.25,None,1957.449324,-258.545313,6.238684,6.171347,7.73218699999984,15.588717999999972
160,1960.74,1946.83,None,1965.058785,-257.96184,6.246374,6.174649,7.60946100000001,15.34164799999985
161,1968.37,1954.36,None,1972.547286,-257.427435,6.253856,6.177737,7.488501000000042,15.097962000000052
162,1977.3,1963.85,None,1979.916749,-256.93799,6.261125,6.180606,7.369462999999996,14.857964000000038
163,1984.59,1971.11,None,1987.169245,-256.486877,6.268175,6.183249,7.252496000000065,14.62195900000006
164,1993.83,1980.5,None,1994.306998,-256.066681,6.275005,6.185666,7.137752999999975,14.39024900000004
165,2000.77,1987.94,None,2001.332378,-255.668505,6.281614,6.187855,7.025380000000041,14.163133000000016
166,2009.21,1996.4,None,2008.247894,-255.281893,6.287998,6.189815,6.915516000000025,13.940896000000066
167,2015.85,2003.69,None,2015.05619,-254.895942,6.294157,6.191544,6.8082959999999275,13.723811999999953
168,2023.88,2011.87,None,2021.760046,-254.496955,6.300093,6.193049,6.703856000000087,13.512152000000015
169,2030.13,2019.05,None,2028.36236,-254.066343,6.305818,6.194344,6.6023139999999785,13.306170000000066
170,2037.98,2027.07,2034.292,2034.866058,-253.577759,6.311359,6.195464,6.503697999999986,13.106011999999964
171,2044.36,2034.13,2040.315,2041.27376,-252.986443,6.316806,6.196516,6.407701999999972,12.911399999999958
172,2051.93,2042.01,2047.474,2047.586779,-252.222716,6.322401,6.197777,6.31301899999994,12.720720999999912
173,2058.11,2048.28,2053.485,2053.799535,-250.867187,6.329892,6.201192,6.212756000000127,12.525775000000067
174,2065.62,2055.37,2060.352,2059.896926,-249.298874,6.338333,6.205668,6.097390999999789,12.310146999999915
175,2071.58,2061.44,2066.061,2065.876614,-247.810655,6.346789,6.210158,5.979687999999896,12.077078999999685
176,2078.82,2068.32,2072.63,2071.737661,-246.423667,6.355274,6.214671,5.861047000000326,11.840735000000222
177,2084.47,2074.21,2078.031,2077.479208,-245.159826,6.363799,6.219217,5.741547000000082,11.602594000000408
178,2091.52,2080.98,None,2083.100536,-244.041241,6.372378,6.223805,5.621327999999721,11.362874999999804
179,2096.9,2086.79,None,2088.601105,-243.088816,6.381023,6.228447,5.500569000000269,11.12189699999999
180,2103.36,2093.35,None,2093.980633,-242.321705,6.389746,6.233153,5.379527999999937,10.880097000000205
181,2108.51,2099.08,None,2099.239124,-241.754306,6.398558,6.237932,5.258491000000049,10.638018999999986
182,2114.66,2105.41,None,2104.376938,-241.398838,6.407467,6.242793,5.1378139999997074,10.396304999999757
183,2119.43,2111.13,None,2109.394813,-241.2593,6.416477,6.247741,5.017875000000004,10.155688999999711
184,2125.19,2116.96,None,2114.293892,-241.334583,6.425592,6.252781,4.899079000000256,9.91695400000026
185,2128.8,2120.68,None,2119.075696,-241.615973,6.434808,6.257913,4.781803999999738,9.680882999999994
186,2134.23,2125.63,None,2123.742129,-242.089842,6.444121,6.263137,4.666433000000325,9.448237000000063
187,2137.39,2129.34,None,2128.295388,-242.736371,6.453522,6.268449,4.553258999999798,9.219692000000123
188,2142.65,2134.26,None,2132.737946,-243.533396,6.463003,6.273842,4.44255800000019,8.995816999999988
189,2145.78,2137.95,None,2137.072449,-244.45551,6.47255,6.279311,4.334502999999586,8.777060999999776
190,2150.87,2142.86,None,2141.301671,-245.477906,6.482153,6.284846,4.229222000000391,8.563724999999977
191,2153.98,2146.54,None,2145.42843,-246.575212,6.491799,6.29044,4.126758999999765,8.355981000000156
192,2158.94,2151.44,None,2149.45556,-247.724663,6.501476,6.296085,4.027129999999943,8.153888999999708
193,2162.11,2155.1,None,2153.385849,-248.904427,6.511174,6.301772,3.9302889999999024,7.957418999999845
194,2167.25,2159.99,None,2157.221999,-250.096061,6.520882,6.307495,3.8361500000000888,7.766438999999991
195,2170.72,2163.62,None,2160.96662,-251.282487,6.530592,6.313246,3.7446210000002793,7.580771000000368
196,2175.67,2168.48,None,2164.622202,-252.44995,6.540296,6.319021,3.6555819999998675,7.400203000000147
197,2182.37,2172.01,None,2168.19111,-253.585915,6.549987,6.324812,3.5689080000001923,7.22449000000006
198,2187.33,2176.81,None,2171.675573,-254.680729,6.55966,6.330616,3.484462999999778,7.05337099999997
199,2188.59,2179.76,None,2175.077691,-255.725603,6.569309,6.336428,3.402117999999973,6.886580999999751
200,2193.52,2184.21,None,2178.399438,-256.714027,6.57893,6.342244,3.3217469999999594,6.7238649999999325
201,2197.06,2187.06,None,2181.642644,-257.64036,6.58852,6.348062,3.2432060000001,6.5649530000000595
202,2201.73,2191.32,None,2184.809033,-258.500243,6.598075,6.353877,3.166388999999981,6.409595000000081
203,2204.8,2194.09,None,2187.900207,-259.290196,6.607593,6.359687,3.0911740000001373,6.257563000000118
204,2209.04,2198.27,None,2190.917648,-260.007677,6.617072,6.365491,3.0174409999999625,6.1086150000001
205,2211.93,2200.98,None,2193.862747,-260.650686,6.626511,6.371285,2.9450990000000274,5.96253999999999
206,2215.97,2205.1,None,2196.736775,-261.217985,6.635906,6.377068,2.8740279999997256,5.819126999999753
207,2218.77,2207.76,None,2199.540922,-261.708638,6.645259,6.382838,2.8041470000002846,5.67817500000001
208,2222.77,2211.84,None,2202.276286,-262.122354,6.654567,6.388593,2.735363999999663,5.539510999999948
209,2225.5,2214.43,None,2204.94387,-262.458958,6.663829,6.394332,2.667584000000261,5.402947999999924
210,2229.37,2218.49,None,2207.544607,-262.718848,6.673046,6.400053,2.6007369999997536,5.2683210000000145
211,2232.06,2221.0,None,2210.079347,-262.902411,6.682216,6.405756,2.534740000000056,5.13547699999981
212,2235.91,2225.05,None,2212.54886,-263.010568,6.691339,6.411438,2.4695130000000063,5.0042530000000625
213,2238.46,2227.49,None,2214.953866,-263.044077,6.700415,6.417099,2.4050059999999576,4.874518999999964
214,2242.15,2231.54,None,2217.294987,-263.004302,6.709444,6.422737,2.341121000000385,4.746127000000342
215,2244.55,2233.9,None,2219.572813,-262.892321,6.718425,6.428351,2.2778260000000046,4.618947000000389
216,2248.23,2237.95,None,2221.787843,-262.7098,6.727358,6.43394,2.2150299999998424,4.492855999999847
217,2250.52,2240.3,None,2223.940542,-262.458093,6.736244,6.439503,2.152698999999757,4.367728999999599
218,2253.98,2244.29,None,2226.031295,-262.139111,6.745082,6.445039,2.0907529999999497,4.2434519999997065
219,2256.07,2246.62,None,2228.060445,-261.754529,6.753872,6.450547,2.0291500000002998,4.1199030000002494
220,2259.52,2250.56,None,2230.028276,-261.306417,6.762614,6.456025,1.9678309999999328,3.9969810000002326
221,2261.7,2252.86,None,2231.935022,-260.796729,6.771309,6.461473,1.906746000000112,3.874577000000045
222,2265.16,2256.75,None,2233.780864,-260.22775,6.779956,6.466889,1.8458419999997204,3.7525879999998324
223,2267.59,2259.01,None,2235.565927,-259.601697,6.788556,6.472273,1.7850630000002639,3.6309049999999843
224,2271.24,2262.86,None,2237.290304,-258.921073,6.797109,6.477622,1.724377000000004,3.509440000000268
225,2273.53,2265.05,None,2238.954023,-258.188375,6.805614,6.482937,1.6637189999996735,3.3880959999996776
226,None,2268.88,None,2240.557083,-257.406344,6.814072,6.488216,1.6030600000003687,3.2667790000000423
227,None,2271.09,None,2242.099421,-256.57777,6.822484,6.493458,1.542337999999745,3.145398000000114
228,None,2274.78,None,2243.580949,-255.705661,6.830848,6.498662,1.481528000000253,3.023865999999998
229,None,2277.06,None,2245.001529,-254.793125,6.839166,6.503827,1.4205799999999726,2.9021080000002257
230,None,2280.54,None,2246.360977,-253.843464,6.847438,6.508951,1.359447999999702,2.7800279999996746
231,None,2282.84,None,2247.659085,-252.86013,6.855664,6.514035,1.2981079999999565,2.6575559999996585
232,None,2286.17,None,2248.895595,-251.846747,6.863845,6.519078,1.2365100000001803,2.534618000000137
233,None,2288.46,None,2250.070236,-250.807153,6.87198,6.524078,1.174641000000065,2.4111510000002454
234,None,2291.69,None,2251.182683,-249.74531,6.880071,6.529035,1.1124469999999747,2.2870880000000398
235,None,2293.94,None,2252.232601,-248.665488,6.888118,6.533949,1.0499180000001616,2.162365000000136
236,None,2297.1,None,2253.219625,-247.572002,6.896122,6.53882,0.9870240000000194,2.036942000000181
237,None,2299.24,None,2254.14336,-246.469346,6.904083,6.543648,0.9237349999998514,1.9107589999998709
238,None,2302.34,None,2255.003405,-245.362961,6.912004,6.548432,0.8600449999999,1.7837799999997515
239,None,2304.34,None,2255.799346,-244.257046,6.919885,6.553175,0.795940999999857,1.655985999999757
240,None,2307.19,None,2256.530751,-243.1578,6.927727,6.557877,0.7314049999999952,1.5273459999998522
241,None,2309.12,None,2257.197199,-242.069786,6.935533,6.562538,0.6664480000004005,1.3978530000003957
242,None,2311.81,None,2257.79826,-240.999635,6.943305,6.567162,0.6010609999998451,1.2675090000002456
243,None,2313.68,None,2258.333512,-239.952337,6.951044,6.57175,0.5352520000001277,1.1363129999999728
244,None,2316.32,None,2258.802565,-238.934774,6.958753,6.576304,0.46905299999980343,1.0043049999999312
245,None,2318.11,None,2259.205038,-237.952304,6.966435,6.580829,0.4024730000001,0.8715259999999034
246,None,2320.73,None,2259.540585,-237.011874,6.974093,6.585326,0.33554700000013327,0.7380200000002333
247,None,2322.52,None,2259.808903,-236.118939,6.98173,6.589801,0.26831799999990835,0.6038650000000416
248,None,2325.04,None,2260.009732,-235.280304,6.989349,6.594257,0.20082899999988513,0.4691469999997935
249,None,2326.82,None,2260.142876,-234.501062,6.996954,6.598699,0.133143999999902,0.33397299999978713
250,None,2329.24,None,2260.208201,-233.787763,7.004548,6.603132,0.06532500000002983,0.19846899999993184
251,None,2330.96,None,2260.205647,-233.144194,7.012135,6.607561,-0.002553999999690859,0.06277100000033897
252,None,2333.33,None,2260.13525,-232.575411,7.019719,6.611991,-0.07039700000041194,-0.0729510000001028
253,None,2335.05,None,2259.997112,-232.084653,7.027302,6.616426,-0.13813799999979892,-0.20853500000021086
254,None,2337.24,None,2259.791454,-231.674867,7.034888,6.620873,-0.20565799999985757,-0.3437959999996565
255,None,2338.92,None,2259.518587,-231.34728,7.042479,6.625335,-0.272867000000133,-0.47852499999999054
256,None,2340.97,None,2259.17893,-231.102605,7.050078,6.629817,-0.33965699999998833,-0.6125240000001213
257,None,2342.69,None,2258.772991,-230.939692,7.057686,6.634323,-0.40593900000021677,-0.7455960000002051
258,None,2344.51,None,2258.3014,-230.856796,7.065304,6.638855,-0.47159099999998944,-0.8775300000002062
259,None,2343.87,None,2257.764854,-230.850351,7.072933,6.643416,-0.5365459999998166,-1.008136999999806
260,None,2344.22,None,2257.164169,-230.916337,7.080573,6.648009,-0.6006849999998849,-1.1372309999997015
